MY_TOKEN_ID=0.0.3982407
MY_ACCOUNT_ID=0.0.3980559
MY_PRIVATE_KEY=3030020100300706052b8104000a04220420332a44127a752042d2f1ebc38f244704e2ba692343caf592e71b9f0ef19bb8f1

DEMO_ACCOUNT_A_ID=0.0.4216667
DEMO_PRIVATE_A_KEY=302e020100300506032b65700422042054eadd48b397fa8cf07e5aad497125801044c7b51c3dca858372b3c9051ac036
